FID	IID	SUPERPOP	AFR	EAS	AMR	EUR
0	HG00096	EUR	7.4e-07	0.07301422	0.36747255	0.55951249
0	HG00097	EUR	0.00073979	0.06522562	0.48122903	0.45280556
0	HG00099	EUR	7.4e-07	0.06592538	0.35586528	0.5782086
0	HG00100	EUR	0.00269946	0.05646454	0.49824471	0.44259128
0	HG00101	EUR	7.5e-07	0.05799276	0.37626701	0.56573948
0	HG00102	EUR	7.4e-07	0.07585446	0.34758432	0.57656047
0	HG00103	EUR	0.00187886	0.05918512	0.39482369	0.54411233
0	HG00105	EUR	0.00031925	0.06629441	0.47735717	0.45602917
0	HG00106	EUR	7.4e-07	0.08317632	0.41548045	0.50134248
0	HG00107	EUR	5.868e-05	0.07893391	0.43496797	0.48603944
0	HG00108	EUR	0.00216049	0.06075505	0.4319102	0.50517425
0	HG00109	EUR	0.00099364	0.06383872	0.40009925	0.53506838
0	HG00110	EUR	2.139e-05	0.08030151	0.41499746	0.50467964
0	HG00111	EUR	0.00025483	0.06858566	0.42141307	0.50974643
0	HG00112	EUR	7.4e-07	0.0600982	0.46415873	0.47574233
0	HG00113	EUR	7.4e-07	0.06534855	0.44947486	0.48517585
0	HG00114	EUR	0.00028325	0.06942931	0.46720887	0.46307857
0	HG00115	EUR	0.00036221	0.06246461	0.42249717	0.51467601
0	HG00116	EUR	0.00037443	0.06360306	0.45277879	0.48324372
0	HG00117	EUR	0.00015599	0.07085798	0.35623576	0.57275027
0	HG00118	EUR	1.066e-05	0.06837223	0.39523172	0.53638539
0	HG00119	EUR	0.00025134	0.06696503	0.42827422	0.5045094
0	HG00120	EUR	0.00147911	0.06035498	0.34416916	0.59399676
0	HG00121	EUR	7.4e-07	0.06724366	0.39144681	0.54130879
0	HG00122	EUR	7.5e-07	0.07105779	0.40980968	0.51913178
0	HG00123	EUR	0.00108644	0.06095629	0.4059445	0.53201278
0	HG00125	EUR	0.00016341	0.06683538	0.44169228	0.49130893
0	HG00126	EUR	7.4e-07	0.05231253	0.42659149	0.52109524
0	HG00127	EUR	7.5e-07	0.0612083	0.43539618	0.50339478
0	HG00128	EUR	0.00126621	0.05191239	0.39712649	0.54969491
0	HG00129	EUR	0.00018832	0.07009596	0.37877663	0.55093909
0	HG00130	EUR	0.00338743	0.06090803	0.4488633	0.48684125
0	HG00131	EUR	0.00245161	0.06097844	0.42651533	0.51005463
0	HG00132	EUR	7.4e-07	0.06087063	0.4048716	0.53425703
0	HG00133	EUR	0.00354844	0.06575126	0.44932405	0.48137625
0	HG00136	EUR	7.8e-07	0.07114492	0.34297495	0.58587935
0	HG00137	EUR	0.00050175	0.06410706	0.38872651	0.54666468
0	HG00138	EUR	0.00042618	0.06784477	0.4737786	0.45795045
0	HG00139	EUR	0.00083933	0.06178203	0.42621878	0.51115985
0	HG00140	EUR	0.00032557	0.07150858	0.442493	0.48567286
0	HG00141	EUR	7.4e-07	0.0806813	0.37642976	0.5428882
0	HG00142	EUR	0.00022153	0.06261718	0.40952441	0.52763689
0	HG00143	EUR	0.00154881	0.05815197	0.48500072	0.4552985
0	HG00145	EUR	0.00101876	0.07568844	0.38070548	0.54258732
0	HG00146	EUR	7.4e-07	0.06364651	0.40229544	0.53405731
0	HG00148	EUR	0.00017931	0.05988746	0.47031116	0.46962207
0	HG00149	EUR	0.00091904	0.059808	0.38411175	0.55516121
0	HG00150	EUR	0.00051488	0.06377857	0.39945374	0.53625281
0	HG00151	EUR	0.00032655	0.07413861	0.42752456	0.49801028
0	HG00154	EUR	0.00017638	0.05127995	0.45928385	0.48925982
0	HG00155	EUR	7.4e-07	0.07009556	0.4978443	0.43205939
0	HG00157	EUR	0.00081439	0.07195599	0.39311678	0.53411284
0	HG00158	EUR	0.00247186	0.08154902	0.36729376	0.54868536
0	HG00159	EUR	0.00142534	0.07288485	0.3809657	0.5447241
0	HG00160	EUR	0.00038296	0.06036761	0.46482929	0.47442014
0	HG00171	EUR	7.4e-07	0.14238892	0.23816725	0.61944309
0	HG00173	EUR	7.4e-07	0.12125514	0.24854438	0.63019973
0	HG00174	EUR	3.19e-06	0.10270396	0.19239764	0.70489522
0	HG00176	EUR	3.217e-05	0.14689417	0.15858713	0.69448653
0	HG00177	EUR	7.4e-07	0.14846708	0.25691474	0.59461743
0	HG00178	EUR	7.4e-07	0.11290814	0.24497317	0.64211794
0	HG00179	EUR	0.00044526	0.13653645	0.2836277	0.57939059
0	HG00180	EUR	7.4e-07	0.13844986	0.19378847	0.66776093
0	HG00181	EUR	0.00621233	0.12203849	0.32468707	0.54706211
0	HG00182	EUR	0.00266654	0.13305944	0.30930526	0.55496877
0	HG00183	EUR	5.598e-05	0.12626993	0.19012068	0.68355341
0	HG00185	EUR	7.4e-07	0.14585376	0.14218085	0.71196464
0	HG00186	EUR	0.00046116	0.13431197	0.220341	0.64488588
0	HG00187	EUR	7.4e-07	0.14852483	0.22738579	0.62408864
0	HG00188	EUR	7.4e-07	0.11739245	0.19716811	0.68543869
0	HG00189	EUR	7.4e-07	0.14073064	0.1521038	0.70716482
0	HG00190	EUR	7.4e-07	0.11652291	0.27923924	0.60423711
0	HG00231	EUR	0.00047564	0.07546229	0.4609975	0.46306456
0	HG00232	EUR	0.00074845	0.05103145	0.54794767	0.40027242
0	HG00233	EUR	0.00410301	0.06797762	0.45364571	0.47427366
0	HG00234	EUR	7.4e-07	0.06143919	0.47376636	0.46479371
0	HG00235	EUR	0.00383611	0.06578595	0.3987608	0.53161714
0	HG00236	EUR	0.00616679	0.05333736	0.4157824	0.52471345
0	HG00237	EUR	0.00141945	0.06072348	0.39008791	0.54776917
0	HG00238	EUR	1.116e-05	0.07125801	0.49380302	0.43492781
0	HG00239	EUR	0.00435573	0.04518089	0.41003308	0.5404303
0	HG00240	EUR	0.00141043	0.07136927	0.42620133	0.50101897
0	HG00242	EUR	0.00027296	0.06492985	0.39806434	0.53673285
0	HG00243	EUR	0.00322781	0.06090915	0.40211622	0.53374682
0	HG00244	EUR	0.00038656	0.06521118	0.43140718	0.50299508
0	HG00245	EUR	6.041e-05	0.06428915	0.43930151	0.49634892
0	HG00246	EUR	0.00112029	0.07234709	0.4448616	0.48167102
0	HG00250	EUR	0.00117777	0.07477634	0.32108953	0.60295636
0	HG00251	EUR	0.00048822	0.06382674	0.42589356	0.50979148
0	HG00252	EUR	7.5e-07	0.06729091	0.38156668	0.55114166
0	HG00253	EUR	0.00121925	0.05609351	0.41834803	0.52433921
0	HG00254	EUR	0.00094	0.05760138	0.35801607	0.58344254
0	HG00255	EUR	0.00054962	0.06742078	0.45911492	0.47291468
0	HG00256	EUR	0.00024927	0.05752868	0.39155947	0.55066258
0	HG00257	EUR	0.00410147	0.07156006	0.48968411	0.43465436
0	HG00258	EUR	0.00075734	0.06111257	0.4490555	0.48907459
0	HG00259	EUR	0.00066518	0.05725408	0.49774422	0.44433652
0	HG00260	EUR	7.4e-07	0.05402939	0.49808639	0.44788348
0	HG00261	EUR	0.00191835	0.06066704	0.47510641	0.46230821
0	HG00262	EUR	7.4e-07	0.05871075	0.4285501	0.5127384
0	HG00263	EUR	0.00036372	0.05570776	0.42094466	0.52298386
0	HG00264	EUR	0.00145343	0.06149458	0.38585273	0.55119926
0	HG00265	EUR	0.00084337	0.05183563	0.41121316	0.53610784
0	HG00266	EUR	7.5e-07	0.13451543	0.22440995	0.64107387
0	HG00267	EUR	0.0002758	0.12813039	0.18233152	0.68926229
0	HG00268	EUR	0.00016821	0.12373474	0.19763544	0.6784616
0	HG00269	EUR	7.5e-07	0.12883598	0.21507623	0.65608704
0	HG00271	EUR	4.478e-05	0.14014991	0.16249886	0.69730645
0	HG00272	EUR	1.164e-05	0.1447904	0.18112308	0.67407488
0	HG00273	EUR	7.4e-07	0.13703533	0.19698511	0.66597882
0	HG00274	EUR	7.4e-07	0.12662623	0.19265034	0.68072269
0	HG00275	EUR	7.4e-07	0.1026158	0.18805928	0.70932417
0	HG00276	EUR	7.4e-07	0.13294404	0.19169589	0.67535932
0	HG00277	EUR	7.78e-06	0.09227129	0.2566583	0.65106263
0	HG00278	EUR	7.4e-07	0.1455178	0.17706714	0.67741432
0	HG00280	EUR	7.4e-07	0.13280807	0.15980254	0.70738865
0	HG00281	EUR	7.4e-07	0.12873344	0.15614066	0.71512515
0	HG00282	EUR	7.4e-07	0.13269569	0.18367475	0.68362882
0	HG00284	EUR	7.4e-07	0.13420652	0.19260235	0.67319039
0	HG00285	EUR	7.4e-07	0.14144384	0.14479472	0.7137607
0	HG00288	EUR	7.4e-07	0.14275783	0.21690785	0.64033358
0	HG00290	EUR	7.5e-07	0.15628748	0.13497272	0.70873906
0	HG00304	EUR	2.725e-05	0.13215618	0.24878923	0.61902734
0	HG00306	EUR	7.74e-06	0.10984707	0.25277071	0.63737448
0	HG00308	EUR	0.00029658	0.13782639	0.17689174	0.68498529
0	HG00309	EUR	7.4e-07	0.12494877	0.20059803	0.67445246
0	HG00310	EUR	7.4e-07	0.12363469	0.13192569	0.74443887
0	HG00311	EUR	7.4e-07	0.09210033	0.25748638	0.65041255
0	HG00313	EUR	7.516e-05	0.13060634	0.21218915	0.65712935
0	HG00315	EUR	7.4e-07	0.13730031	0.2310145	0.63168445
0	HG00318	EUR	7.4e-07	0.13182319	0.23156764	0.63660843
0	HG00319	EUR	7.4e-07	0.13002209	0.21598636	0.65399081
0	HG00320	EUR	7.4e-07	0.13794039	0.20169821	0.66036065
0	HG00321	EUR	7.4e-07	0.16656789	0.20249003	0.63094134
0	HG00323	EUR	7.4e-07	0.13313726	0.17910855	0.68775345
0	HG00324	EUR	7.5e-07	0.13729678	0.19505781	0.66764467
0	HG00325	EUR	7.4e-07	0.1424924	0.1724977	0.68500916
0	HG00326	EUR	7.4e-07	0.10980471	0.20553392	0.68466063
0	HG00327	EUR	7.4e-07	0.14212534	0.1941735	0.66370041
0	HG00328	EUR	7.5e-07	0.11722608	0.24756341	0.63520977
0	HG00329	EUR	7.5e-07	0.12441516	0.26700985	0.60857425
0	HG00330	EUR	7.4e-07	0.1296987	0.28613522	0.58416533
0	HG00331	EUR	7.4e-07	0.1206344	0.28097109	0.59839377
0	HG00332	EUR	8.079e-05	0.12362434	0.23873591	0.63755896
0	HG00334	EUR	7.4e-07	0.10808312	0.27370932	0.61820682
0	HG00335	EUR	7.4e-07	0.13205171	0.1867247	0.68122284
0	HG00336	EUR	9.004e-05	0.12870529	0.20948213	0.66172253
0	HG00337	EUR	7.4e-07	0.10337593	0.32005282	0.5765705
0	HG00338	EUR	3.443e-05	0.12066762	0.18805052	0.69124744
0	HG00339	EUR	7.4e-07	0.14104167	0.20334802	0.65560957
0	HG00341	EUR	0.01142406	0.10991763	0.30740283	0.57125548
0	HG00342	EUR	7.4e-07	0.14531391	0.15856901	0.69611634
0	HG00343	EUR	7.4e-07	0.12211125	0.20815755	0.66973046
0	HG00344	EUR	7.4e-07	0.09060748	0.32641378	0.58297799
0	HG00345	EUR	7.4e-07	0.1222236	0.24741007	0.63036559
0	HG00346	EUR	7.4e-07	0.12084628	0.2357034	0.64344957
0	HG00349	EUR	7.4e-07	0.13095474	0.13117403	0.73787049
0	HG00350	EUR	0.00173918	0.08828695	0.25547489	0.65449897
0	HG00351	EUR	0.00010435	0.12805582	0.22278216	0.64905767
0	HG00353	EUR	7.4e-07	0.12789757	0.20850758	0.66359411
0	HG00355	EUR	7.4e-07	0.10860934	0.24555168	0.64583824
0	HG00356	EUR	7.4e-07	0.11248996	0.24861471	0.63889458
0	HG00357	EUR	7.4e-07	0.11808503	0.26874623	0.61316799
0	HG00358	EUR	8.425e-05	0.14428264	0.24768523	0.60794788
0	HG00360	EUR	7.4e-07	0.12839106	0.18095224	0.69065595
0	HG00361	EUR	7.4e-07	0.14363881	0.22084897	0.63551147
0	HG00362	EUR	7.5e-07	0.13899553	0.16333625	0.69766748
0	HG00364	EUR	7.4e-07	0.13158601	0.24889669	0.61951656
0	HG00365	EUR	7.4e-07	0.12659618	0.24080664	0.63259643
0	HG00366	EUR	7.5e-07	0.13552566	0.23678501	0.62768859
0	HG00367	EUR	7.4e-07	0.14103256	0.25020067	0.60876603
0	HG00368	EUR	7.4e-07	0.15275801	0.11830614	0.72893511
0	HG00369	EUR	7.4e-07	0.13341599	0.16733749	0.69924577
0	HG00371	EUR	2.132e-05	0.14316876	0.21996245	0.63684747
0	HG00372	EUR	7.4e-07	0.12251681	0.22173981	0.65574264
0	HG00373	EUR	7.5e-07	0.14988327	0.23819617	0.61191982
0	HG00375	EUR	7.4e-07	0.12636897	0.09779813	0.77583216
0	HG00376	EUR	7.4e-07	0.10151817	0.23727022	0.66121087
0	HG00378	EUR	7.5e-07	0.13819217	0.18266245	0.67914464
0	HG00379	EUR	7.4e-07	0.12694561	0.24862508	0.62442857
0	HG00380	EUR	7.4e-07	0.10104543	0.21924672	0.6797071
0	HG00381	EUR	7.5e-07	0.11865255	0.18760245	0.69374425
0	HG00382	EUR	0.00102177	0.13821128	0.17996308	0.68080386
0	HG00383	EUR	7.4e-07	0.14208605	0.19156582	0.66634739
0	HG00384	EUR	7.4e-07	0.11601033	0.17448129	0.70950763
0	HG00403	EAS	7.4e-07	0.99999777	7.4e-07	7.4e-07
0	HG00404	EAS	7.4e-07	0.99999777	7.4e-07	7.4e-07
0	HG00406	EAS	7.4e-07	0.99999777	7.4e-07	7.4e-07
0	HG00407	EAS	7.4e-07	0.99999777	7.4e-07	7.4e-07
0	HG00409	EAS	7.4e-07	0.99999776	7.5e-07	7.5e-07
0	HG00410	EAS	7.4e-07	0.99999777	7.4e-07	7.4e-07
0	HG00419	EAS	7.4e-07	0.99999777	7.4e-07	7.4e-07
0	HG00421	EAS	7.5e-07	0.99999777	7.4e-07	7.4e-07
0	HG00422	EAS	7.4e-07	0.99999777	7.4e-07	7.4e-07
0	HG00428	EAS	7.5e-07	0.99999776	7.5e-07	7.5e-07
0	HG00436	EAS	7.4e-07	0.99999777	7.4e-07	7.4e-07
0	HG00437	EAS	7.4e-07	0.99999777	7.4e-07	7.4e-07
0	HG00442	EAS	7.4e-07	0.99999777	7.4e-07	7.4e-07
0	HG00443	EAS	7.4e-07	0.99999777	7.4e-07	7.4e-07
0	HG00445	EAS	7.4e-07	0.99999776	7.5e-07	7.5e-07
0	HG00446	EAS	7.4e-07	0.99999777	7.4e-07	7.4e-07
0	HG00448	EAS	7.4e-07	0.99999777	7.4e-07	7.4e-07
0	HG00449	EAS	7.4e-07	0.99999777	7.4e-07	7.4e-07
0	HG00451	EAS	7.4e-07	0.99999778	7.4e-07	7.4e-07
0	HG00452	EAS	7.4e-07	0.99999777	7.4e-07	7.4e-07
0	HG00457	EAS	7.4e-07	0.99999777	7.4e-07	7.4e-07
0	HG00458	EAS	7.4e-07	0.99999777	7.4e-07	7.4e-07
0	HG00463	EAS	7.4e-07	0.99999777	7.4e-07	7.4e-07
0	HG00464	EAS	7.4e-07	0.99999777	7.4e-07	7.4e-07
0	HG00472	EAS	7.4e-07	0.99999777	7.4e-07	7.4e-07
0	HG00473	EAS	7.4e-07	0.99999777	7.4e-07	7.4e-07
0	HG00475	EAS	7.4e-07	0.99999777	7.4e-07	7.4e-07
0	HG00476	EAS	7.4e-07	0.99999777	7.4e-07	7.4e-07
0	HG00478	EAS	7.5e-07	0.99999777	7.4e-07	7.4e-07
0	HG00479	EAS	7.4e-07	0.99999777	7.4e-07	7.4e-07
0	HG00500	EAS	7.4e-07	0.99999777	7.5e-07	7.5e-07
0	HG00513	EAS	7.5e-07	0.99999775	7.5e-07	7.5e-07
0	HG00524	EAS	7.4e-07	0.99999777	7.4e-07	7.4e-07
0	HG00525	EAS	7.4e-07	0.99999777	7.4e-07	7.4e-07
0	HG00530	EAS	7.4e-07	0.99999777	7.4e-07	7.4e-07
0	HG00531	EAS	7.4e-07	0.99999777	7.4e-07	7.4e-07
0	HG00533	EAS	7.4e-07	0.99999777	7.4e-07	7.4e-07
0	HG00534	EAS	7.4e-07	0.99999777	7.4e-07	7.4e-07
0	HG00536	EAS	7.4e-07	0.99999777	7.4e-07	7.4e-07
0	HG00537	EAS	7.5e-07	0.99999776	7.5e-07	7.5e-07
0	HG00542	EAS	7.4e-07	0.99999776	7.5e-07	7.5e-07
0	HG00543	EAS	7.4e-07	0.99999776	7.5e-07	7.5e-07
0	HG00551	AMR	0.09338703	0.15476377	0.66675151	0.08509769
0	HG00553	AMR	0.19934237	0.16973268	0.60429287	0.02663208
0	HG00554	AMR	0.09051883	0.14318474	0.69236731	0.07392912
0	HG00556	EAS	7.4e-07	0.99999777	7.5e-07	7.5e-07
0	HG00557	EAS	7.4e-07	0.99999777	7.4e-07	7.4e-07
0	HG00559	EAS	7.4e-07	0.99999777	7.4e-07	7.4e-07
0	HG00560	EAS	7.4e-07	0.99999777	7.4e-07	7.4e-07
0	HG00565	EAS	7.4e-07	0.99999777	7.4e-07	7.4e-07
0	HG00566	EAS	7.5e-07	0.99999776	7.5e-07	7.4e-07
0	HG00580	EAS	7.4e-07	0.99999777	7.4e-07	7.4e-07
0	HG00581	EAS	7.4e-07	0.99999777	7.4e-07	7.4e-07
0	HG00583	EAS	7.4e-07	0.99999777	7.4e-07	7.4e-07
0	HG00584	EAS	7.4e-07	0.99999777	7.4e-07	7.4e-07
0	HG00589	EAS	7.4e-07	0.99999777	7.4e-07	7.4e-07
0	HG00590	EAS	7.5e-07	0.99999776	7.5e-07	7.5e-07
0	HG00592	EAS	7.4e-07	0.99999777	7.4e-07	7.4e-07
0	HG00593	EAS	7.5e-07	0.99999776	7.5e-07	7.5e-07
0	HG00595	EAS	7.4e-07	0.99999777	7.4e-07	7.4e-07
0	HG00596	EAS	7.4e-07	0.99999777	7.4e-07	7.4e-07
0	HG00598	EAS	7.4e-07	0.99999777	7.4e-07	7.4e-07
0	HG00599	EAS	7.4e-07	0.99999777	7.4e-07	7.4e-07
0	HG00607	EAS	7.4e-07	0.99999777	7.5e-07	7.4e-07
0	HG00608	EAS	7.4e-07	0.99999777	7.4e-07	7.4e-07
0	HG00610	EAS	7.4e-07	0.99999777	7.4e-07	7.4e-07
0	HG00611	EAS	7.4e-07	0.99999777	7.4e-07	7.4e-07
0	HG00613	EAS	7.4e-07	0.99999777	7.4e-07	7.4e-07
0	HG00614	EAS	7.4e-07	0.99999777	7.4e-07	7.4e-07
0	HG00619	EAS	7.4e-07	0.99999777	7.4e-07	7.4e-07
0	HG00620	EAS	7.4e-07	0.99999777	7.4e-07	7.4e-07
0	HG00622	EAS	7.4e-07	0.99999777	7.4e-07	7.4e-07
0	HG00623	EAS	7.4e-07	0.99999777	7.4e-07	7.4e-07
0	HG00625	EAS	7.5e-07	0.99999776	7.5e-07	7.5e-07
0	HG00626	EAS	7.4e-07	0.99999777	7.4e-07	7.4e-07
0	HG00628	EAS	7.4e-07	0.99999777	7.4e-07	7.4e-07
0	HG00629	EAS	7.4e-07	0.99999777	7.4e-07	7.4e-07
0	HG00631	EAS	7.4e-07	0.99999777	7.4e-07	7.4e-07
0	HG00632	EAS	7.4e-07	0.99999777	7.4e-07	7.4e-07
0	HG00634	EAS	7.4e-07	0.99999777	7.4e-07	7.4e-07
0	HG00637	AMR	0.15104793	0.15905964	0.58542326	0.10446917
0	HG00638	AMR	0.19246102	0.13234675	0.61595404	0.05923818
0	HG00640	AMR	0.07463848	0.14316817	0.67570741	0.10648594
0	HG00641	AMR	0.08788868	0.16575535	0.71418817	0.0321678
0	HG00650	EAS	7.4e-07	0.99999777	7.4e-07	7.4e-07
0	HG00651	EAS	7.4e-07	0.99999777	7.4e-07	7.4e-07
0	HG00653	EAS	7.4e-07	0.99999777	7.4e-07	7.4e-07
0	HG00654	EAS	7.4e-07	0.99999777	7.4e-07	7.4e-07
0	HG00656	EAS	7.5e-07	0.99999776	7.5e-07	7.5e-07
0	HG00657	EAS	7.4e-07	0.99999777	7.4e-07	7.4e-07
0	HG00662	EAS	7.4e-07	0.99999777	7.4e-07	7.4e-07
0	HG00663	EAS	7.4e-07	0.99999777	7.4e-07	7.4e-07
0	HG00671	EAS	7.5e-07	0.99999776	7.4e-07	7.4e-07
0	HG00672	EAS	7.4e-07	0.99999778	7.4e-07	7.4e-07
0	HG00674	EAS	7.4e-07	0.99999777	7.4e-07	7.5e-07
0	HG00675	EAS	7.4e-07	0.99999777	7.4e-07	7.4e-07
0	HG00683	EAS	7.4e-07	0.99999777	7.4e-07	7.4e-07
0	HG00684	EAS	7.4e-07	0.99999777	7.4e-07	7.4e-07
0	HG00689	EAS	7.4e-07	0.99999777	7.4e-07	7.5e-07
0	HG00690	EAS	7.4e-07	0.99999777	7.4e-07	7.4e-07
0	HG00692	EAS	7.4e-07	0.99999777	7.4e-07	7.4e-07
0	HG00693	EAS	7.4e-07	0.99999777	7.4e-07	7.4e-07
0	HG00698	EAS	7.4e-07	0.99999777	7.4e-07	7.4e-07
0	HG00699	EAS	7.4e-07	0.99999777	7.4e-07	7.4e-07
0	HG00701	EAS	7.4e-07	0.99999777	7.4e-07	7.5e-07
0	HG00704	EAS	7.4e-07	0.99999777	7.4e-07	7.4e-07
0	HG00705	EAS	7.4e-07	0.99999777	7.4e-07	7.4e-07
0	HG00707	EAS	7.4e-07	0.99999777	7.4e-07	7.4e-07
0	HG00708	EAS	7.4e-07	0.99999777	7.4e-07	7.4e-07
0	HG00717	EAS	7.5e-07	0.99999776	7.4e-07	7.4e-07
0	HG00728	EAS	7.5e-07	0.99999776	7.5e-07	7.5e-07
0	HG00729	EAS	7.4e-07	0.99999777	7.4e-07	7.4e-07
0	HG00731	AMR	0.03935604	0.12045881	0.74765752	0.09252763
0	HG00732	AMR	0.06134624	0.15894959	0.72036887	0.0593353
0	HG00734	AMR	0.10401415	0.18403448	0.68070291	0.03124846
0	HG00736	AMR	0.06743703	0.12307789	0.69779277	0.11169231
0	HG00737	AMR	0.08999451	0.12778118	0.61726907	0.16495524
0	HG00739	AMR	0.05324295	0.09769015	0.52592012	0.32314678
0	HG00740	AMR	0.15014492	0.1528054	0.62916421	0.06788548
0	HG00742	AMR	0.06525669	0.08814269	0.64141001	0.20519062
0	HG00743	AMR	0.08875513	0.19306324	0.67302866	0.04515297
0	HG00759	EAS	7.4e-07	0.99999776	7.5e-07	7.5e-07
0	HG00766	EAS	7.4e-07	0.99999776	7.5e-07	7.5e-07
0	HG00844	EAS	7.4e-07	0.99999777	7.4e-07	7.4e-07
0	HG00851	EAS	7.4e-07	0.99999777	7.4e-07	7.4e-07
0	HG00864	EAS	7.5e-07	0.99999776	7.5e-07	7.5e-07
0	HG00867	EAS	7.4e-07	0.99999777	7.4e-07	7.4e-07
0	HG00879	EAS	7.5e-07	0.99999777	7.4e-07	7.4e-07
0	HG00881	EAS	7.4e-07	0.99999777	7.4e-07	7.5e-07
0	HG00956	EAS	7.5e-07	0.99999777	7.4e-07	7.4e-07
0	HG00978	EAS	7.4e-07	0.99999777	7.4e-07	7.4e-07
0	HG00982	EAS	7.4e-07	0.99999777	7.4e-07	7.4e-07
0	HG01028	EAS	7.4e-07	0.99999777	7.4e-07	7.4e-07
0	HG01029	EAS	7.4e-07	0.99999777	7.4e-07	7.4e-07
0	HG01031	EAS	7.4e-07	0.99999777	7.4e-07	7.4e-07
0	HG01046	EAS	7.5e-07	0.99999776	7.5e-07	7.5e-07
0	HG01047	AMR	0.07845779	0.12324506	0.68189698	0.11640016
0	HG01048	AMR	0.10899434	0.14438997	0.64677523	0.09984046
0	HG01049	AMR	0.23900915	0.13944486	0.56216609	0.05937991
0	HG01051	AMR	0.22441401	0.16635117	0.58207814	0.02715668
0	HG01052	AMR	0.21803323	0.18375492	0.56131047	0.03690137
0	HG01054	AMR	0.06415251	0.16474232	0.73654862	0.03455655
0	HG01055	AMR	0.13788513	0.12898293	0.60852718	0.12460477
0	HG01058	AMR	0.13169975	0.17520058	0.61383232	0.07926734
0	HG01060	AMR	0.08224874	0.13960145	0.67675441	0.1013954
0	HG01061	AMR	0.08288453	0.14570689	0.68466261	0.08674598
0	HG01063	AMR	0.3398152	0.13624699	0.44161529	0.08232253
0	HG01064	AMR	0.18816387	0.12733795	0.5836325	0.10086568
0	HG01066	AMR	0.07894159	0.12745662	0.70415888	0.08944291
0	HG01067	AMR	0.08124916	0.143501	0.72660444	0.04864541
0	HG01069	AMR	0.09862592	0.15936014	0.68667505	0.05533889
0	HG01070	AMR	0.05977941	0.14907529	0.72038116	0.07076415
0	HG01072	AMR	0.08605503	0.13552701	0.72890457	0.0495134
0	HG01073	AMR	0.07095537	0.1603499	0.73375602	0.03493871
0	HG01075	AMR	0.09540357	0.0943132	0.6312458	0.17903742
0	HG01077	AMR	0.1962997	0.17363303	0.56939735	0.06066992
0	HG01079	AMR	0.17193404	0.13780638	0.62901443	0.06124514
0	HG01080	AMR	0.07991552	0.19362435	0.69846433	0.0279958
0	HG01082	AMR	0.21016482	0.1505624	0.56916903	0.07010375
0	HG01083	AMR	0.11095373	0.14189875	0.67384962	0.07329789
0	HG01085	AMR	0.12316689	0.13453813	0.65600772	0.08628726
0	HG01086	AMR	0.13681887	0.17395688	0.64026699	0.04895726
0	HG01088	AMR	0.1842374	0.12022961	0.62601659	0.0695164
0	HG01089	AMR	0.14788665	0.14649272	0.62357421	0.08204641
0	HG01092	AMR	0.2448998	0.12933698	0.54904607	0.07671715
0	HG01094	AMR	0.13251443	0.13201152	0.67412826	0.06134579
0	HG01095	AMR	0.11538312	0.14540179	0.6757312	0.06348389
0	HG01097	AMR	0.09666386	0.15486541	0.67585341	0.07261731
0	HG01098	AMR	0.10057519	0.14226714	0.70567782	0.05147985
0	HG01101	AMR	0.16879907	0.15203479	0.64062521	0.03854093
0	HG01102	AMR	0.17706004	0.12859359	0.60219527	0.0921511
0	HG01104	AMR	0.10186752	0.15307136	0.63605438	0.10900674
0	HG01105	AMR	0.0805259	0.1081878	0.66531027	0.14597603
0	HG01107	AMR	0.23484694	0.11079454	0.57649318	0.07786535
0	HG01108	AMR	0.64750652	0.05574997	0.23806574	0.05867778
0	HG01110	AMR	0.13971194	0.14222502	0.63374702	0.08431602
0	HG01111	AMR	0.1222927	0.14964424	0.66341162	0.06465144
0	HG01112	AMR	0.02368216	0.09868363	0.71383718	0.16379703
0	HG01113	AMR	0.01754518	0.24385099	0.71919979	0.01940404
0	HG01119	AMR	0.03581272	0.13396226	0.73410176	0.09612326
0	HG01121	AMR	0.04054832	0.25808399	0.68980981	0.01155788
0	HG01122	AMR	0.07297135	0.18179653	0.71243953	0.03279259
0	HG01124	AMR	0.14315833	0.24705568	0.59642747	0.01335853
0	HG01125	AMR	0.10740958	0.22355681	0.6403802	0.02865342
0	HG01130	AMR	0.06481618	0.21840605	0.68793919	0.02883857
0	HG01131	AMR	0.069637	0.21322537	0.69177434	0.02536329
0	HG01133	AMR	0.02506625	0.15699193	0.73732482	0.08061699
0	HG01134	AMR	0.11878996	0.19424181	0.66431035	0.02265788
0	HG01136	AMR	0.09160089	0.25433968	0.63850653	0.0155529
0	HG01137	AMR	0.02671608	0.28298431	0.68279145	0.00750817
0	HG01139	AMR	0.19248207	0.23311408	0.55419672	0.02020713
0	HG01140	AMR	0.04087786	0.24658518	0.69969069	0.01284628
0	HG01142	AMR	0.1780559	0.2976037	0.5207477	0.00359269
0	HG01148	AMR	0.0555463	0.22367459	0.6992366	0.02154251
0	HG01149	AMR	0.104272	0.33731078	0.55592369	0.00249353
0	HG01161	AMR	0.18411657	0.14446673	0.62360198	0.04781472
0	HG01162	AMR	0.11427223	0.15362434	0.66586186	0.06624157
0	HG01164	AMR	0.10725839	0.12553899	0.68574034	0.08146228
0	HG01167	AMR	0.2256962	0.15342109	0.52189742	0.09898529
0	HG01168	AMR	0.0430273	0.09652545	0.76482015	0.0956271
0	HG01170	AMR	0.11358261	0.15597345	0.66796025	0.06248369
0	HG01171	AMR	0.20079429	0.14400957	0.58291624	0.0722799
0	HG01173	AMR	0.07923551	0.09868503	0.65333708	0.16874238
0	HG01174	AMR	0.08086513	0.1318936	0.70435987	0.0828814
0	HG01176	AMR	0.08970076	0.14954315	0.68543523	0.07532086
0	HG01177	AMR	0.0916173	0.17905347	0.68709598	0.04223326
0	HG01182	AMR	0.14061099	0.14934071	0.64994529	0.06010302
0	HG01183	AMR	0.11796864	0.16911928	0.65907326	0.05383883
0	HG01187	AMR	0.17930236	0.21939204	0.57597808	0.02532752
0	HG01188	AMR	0.23009986	0.20605135	0.54644528	0.0174035
0	HG01190	AMR	0.15448528	0.21519562	0.60927089	0.02104821
0	HG01191	AMR	0.09989379	0.18438778	0.68276948	0.03294895
0	HG01197	AMR	0.07167471	0.14560462	0.71226591	0.07045477
0	HG01198	AMR	0.19063513	0.14254149	0.61624321	0.05058017
0	HG01200	AMR	0.05317856	0.11182671	0.71992848	0.11506624
0	HG01204	AMR	0.11367468	0.14849323	0.66675637	0.07107572
0	HG01205	AMR	0.12816348	0.12685057	0.62849362	0.11649232
0	HG01241	AMR	0.67890721	0.07821706	0.19734106	0.04553467
0	HG01242	AMR	0.5213341	0.08195956	0.29614549	0.10056085
0	HG01247	AMR	0.1900132	0.15927822	0.61037993	0.04032865
0	HG01248	AMR	0.11479596	0.12271375	0.67437167	0.08811861
0	HG01250	AMR	0.07483346	0.27086117	0.64454143	0.00976394
0	HG01251	AMR	0.02176241	0.23606402	0.71619113	0.02598244
0	HG01253	AMR	0.03989204	0.21770595	0.70561651	0.03678549
0	HG01254	AMR	0.17529876	0.25119947	0.56253599	0.01096578
0	HG01256	AMR	0.01359347	0.16503064	0.73332264	0.08805325
0	HG01257	AMR	0.0179036	0.23875832	0.72845972	0.01487835
0	HG01259	AMR	0.03746691	0.13435189	0.7448991	0.08328211
0	HG01260	AMR	0.13417526	0.26103325	0.59429003	0.01050146
0	HG01269	AMR	0.07891071	0.22538383	0.65314676	0.0425587
0	HG01271	AMR	0.08093805	0.22912198	0.66230263	0.02763735
0	HG01272	AMR	0.18799197	0.26016329	0.54226373	0.00958102
0	HG01275	AMR	0.01797278	0.09023703	0.70156775	0.19022244
0	HG01277	AMR	0.01418717	0.29993689	0.67168085	0.01419509
0	HG01280	AMR	0.03106927	0.23120628	0.71458522	0.02313923
0	HG01281	AMR	0.03068127	0.24130377	0.70350241	0.02451255
0	HG01284	AMR	0.0655174	0.21650527	0.68927288	0.02870445
0	HG01286	AMR	0.24103526	0.13589715	0.53804475	0.08502284
0	HG01302	AMR	0.1271301	0.17123971	0.6629233	0.03870689
0	HG01303	AMR	0.12018621	0.1884774	0.62275084	0.06858556
0	HG01305	AMR	0.14993476	0.1695047	0.63316031	0.04740024
0	HG01308	AMR	0.22914616	0.14137592	0.59261027	0.03686764
0	HG01311	AMR	0.09821837	0.11978486	0.63846593	0.14353084
0	HG01312	AMR	0.12312191	0.14691674	0.62965787	0.10030348
0	HG01323	AMR	0.12207006	0.15430683	0.6506177	0.07300542
0	HG01325	AMR	0.12643937	0.11740292	0.68574215	0.07041556
0	HG01326	AMR	0.10927615	0.17592316	0.68532477	0.02947592
0	HG01334	EUR	0.00085207	0.06779634	0.42589111	0.50546048
0	HG01341	AMR	0.00688573	0.44330727	0.54943516	0.00037184
0	HG01342	AMR	0.34442839	0.19077897	0.44692647	0.01786617
0	HG01344	AMR	0.03130039	0.31309856	0.64937242	0.00622862
0	HG01345	AMR	0.05357849	0.2089797	0.70251958	0.03492222
0	HG01348	AMR	0.04101716	0.32026988	0.63508356	0.0036294
0	HG01350	AMR	0.05892041	0.33092916	0.60593056	0.00421987
0	HG01351	AMR	0.01884148	0.24380033	0.72648451	0.01087368
0	HG01353	AMR	0.02778835	0.19100777	0.72077382	0.06043006
0	HG01354	AMR	0.01963726	0.15166087	0.77557409	0.05312779
0	HG01356	AMR	0.06176775	0.26928415	0.65960726	0.00934084
0	HG01357	AMR	0.01607443	0.249456	0.70818811	0.02628146
0	HG01359	AMR	0.04473625	0.22272358	0.71260872	0.01993145
0	HG01360	AMR	0.06429501	0.21254553	0.6950219	0.02813756
0	HG01362	AMR	0.11435131	0.20885094	0.64626939	0.03052835
0	HG01363	AMR	0.17691958	0.26563718	0.5437045	0.01373874
0	HG01365	AMR	0.14997808	0.24403116	0.57468357	0.03130719
0	HG01366	AMR	0.1069863	0.2294919	0.64175135	0.02177044
0	HG01369	AMR	0.11280582	0.37411482	0.51243035	0.00064901
0	HG01372	AMR	0.03962665	0.27063562	0.6801516	0.00958612
0	HG01374	AMR	0.01854254	0.23372793	0.73159685	0.01613268
0	HG01375	AMR	0.14309314	0.24226912	0.60222228	0.01241546
0	HG01377	AMR	0.09016168	0.25646494	0.63962925	0.01374412
0	HG01378	AMR	0.0398528	0.30647401	0.65102935	0.00264384
0	HG01383	AMR	0.04193996	0.20716326	0.71994868	0.0309481
0	HG01384	AMR	0.05450804	0.20205002	0.71554242	0.02789951
0	HG01389	AMR	0.06706705	0.14371323	0.72251183	0.06670789
0	HG01390	AMR	0.28224951	0.23141293	0.47701134	0.00932622
0	HG01392	AMR	0.16621384	0.1746904	0.62785047	0.03124529
0	HG01393	AMR	0.20720689	0.15712685	0.53773304	0.09793323
0	HG01395	AMR	0.08518433	0.1356549	0.69313594	0.08602483
0	HG01396	AMR	0.16638361	0.20995748	0.57957963	0.04407929
0	HG01398	AMR	0.17556579	0.15181909	0.61703639	0.05557873
0	HG01402	AMR	0.16609237	0.18035483	0.62072305	0.03282975
0	HG01403	AMR	0.17445766	0.17583938	0.58030219	0.06940076
0	HG01405	AMR	0.10911652	0.129819	0.67711169	0.08395279
0	HG01412	AMR	0.08758041	0.19858298	0.68034887	0.03348774
0	HG01413	AMR	0.13392337	0.1805917	0.6205027	0.06498223
0	HG01414	AMR	0.1392928	0.17316946	0.63109597	0.05644177
0	HG01431	AMR	0.10379996	0.23042399	0.6452222	0.02055385
0	HG01432	AMR	0.02834668	0.22984412	0.71230582	0.02950338
0	HG01435	AMR	0.0393718	0.4047808	0.55512354	0.00072386
0	HG01437	AMR	0.01881378	0.14679159	0.76149695	0.07289768
0	HG01438	AMR	0.02354475	0.08666678	0.71622882	0.17355965
0	HG01440	AMR	0.18575982	0.18761494	0.60408758	0.02253766
0	HG01441	AMR	0.01538531	0.34115526	0.63922538	0.00423405
0	HG01443	AMR	0.04407971	0.4161626	0.53949933	0.00025836
0	HG01444	AMR	0.10052322	0.24082429	0.64225217	0.01640032
0	HG01447	AMR	0.06193374	0.23421884	0.67366627	0.03018116
0	HG01455	AMR	0.03719977	0.30437617	0.65579154	0.00263252
0	HG01456	AMR	0.04543267	0.32679501	0.62440452	0.00336779
0	HG01459	AMR	0.03282128	0.31618404	0.64690289	0.00409179
0	HG01461	AMR	0.17229372	0.29677055	0.52483095	0.00610479
0	HG01462	AMR	0.29220347	0.2618504	0.4313279	0.01461824
0	HG01464	AMR	0.19020639	0.26801757	0.53442425	0.00735179
0	HG01465	AMR	0.02329267	0.18090088	0.74644612	0.04936032
0	HG01468	AMR	0.02278397	0.16635278	0.7757572	0.03510605
0	HG01474	AMR	0.02751572	0.12954814	0.77221245	0.07072369
0	HG01479	AMR	0.03527866	0.12700271	0.7556975	0.08202113
0	HG01485	AMR	0.33739704	0.23880116	0.41107901	0.01272278
0	HG01486	AMR	0.03115154	0.28530245	0.67813131	0.0054147
0	HG01488	AMR	0.16230951	0.13068842	0.6338567	0.07314538
0	HG01489	AMR	0.02592483	0.13523454	0.71977212	0.11906851
0	HG01491	AMR	0.02932965	0.14830738	0.78437286	0.03799011
0	HG01492	AMR	0.03370376	0.18135502	0.73984352	0.04509771
0	HG01494	AMR	0.09420494	0.34849542	0.55400231	0.00329733
0	HG01495	AMR	0.11209825	0.29904336	0.57983015	0.00902823
0	HG01497	AMR	0.04237538	0.29622711	0.65605506	0.00534245
0	HG01498	AMR	0.05193365	0.27707342	0.66610964	0.00488329
0	HG01500	EUR	0.02721026	0.07523632	0.63869636	0.25885706
0	HG01501	EUR	0.04239661	0.05016217	0.58506315	0.32237807
0	HG01503	EUR	0.01605145	0.05933259	0.62383533	0.30078063
0	HG01504	EUR	0.01998981	0.05989869	0.70380377	0.21630773
0	HG01506	EUR	0.02581919	0.05190683	0.56167313	0.36060086
0	HG01507	EUR	0.01840722	0.06043631	0.59888452	0.32227196
0	HG01509	EUR	0.02997847	0.05047811	0.61587523	0.30366819
0	HG01510	EUR	0.02125625	0.04742384	0.67655996	0.25475995
0	HG01512	EUR	0.01264365	0.05065409	0.56387111	0.37283116
0	HG01513	EUR	0.01161199	0.05200241	0.65010852	0.28627708
0	HG01515	EUR	0.00150955	0.04961254	0.64254043	0.30633747
0	HG01516	EUR	0.01029679	0.04644657	0.60524825	0.33800839
0	HG01518	EUR	0.00560318	0.05092226	0.66121296	0.2822616
0	HG01519	EUR	0.00519512	0.0472091	0.57099398	0.3766018
0	HG01521	EUR	0.00323972	0.0607652	0.52356713	0.41242794
0	HG01522	EUR	0.00270855	0.06539627	0.62358391	0.30831127
0	HG01524	EUR	0.02599531	0.06463645	0.66509808	0.24427016
0	HG01525	EUR	0.02163499	0.06258158	0.66653612	0.24924731
0	HG01527	EUR	0.0464043	0.05793686	0.58636367	0.30929517
0	HG01528	EUR	0.02299812	0.06273444	0.59847657	0.31579086
0	HG01530	EUR	0.02719313	0.07631184	0.58269565	0.31379938
0	HG01531	EUR	0.03254252	0.05472609	0.62451257	0.28821883
0	HG01536	EUR	0.02244903	0.05612228	0.55929214	0.36213655
0	HG01537	EUR	0.01466811	0.06105349	0.68760172	0.23667668
0	HG01550	AMR	0.06021874	0.19297726	0.71708306	0.02972094
0	HG01551	AMR	0.39556341	0.19712513	0.37262518	0.03468627
0	HG01556	AMR	0.2299303	0.27073667	0.49007921	0.00925381
0	HG01565	AMR	0.00095446	0.50438884	0.49461322	4.347e-05
0	HG01566	AMR	0.01175156	0.36298437	0.62358892	0.00167515
0	HG01571	AMR	0.00067533	0.48160844	0.51766469	5.153e-05
0	HG01572	AMR	7.4e-07	0.69203382	0.30796469	7.4e-07
0	HG01577	AMR	0.05185419	0.32845708	0.61690485	0.00278387
0	HG01578	AMR	0.00525699	0.46180712	0.53279476	0.00014112
0	HG01595	EAS	7.5e-07	0.99999777	7.4e-07	7.4e-07
0	HG01596	EAS	7.5e-07	0.99999776	7.4e-07	7.4e-07
0	HG01597	EAS	7.5e-07	0.99999776	7.5e-07	7.5e-07
0	HG01598	EAS	7.4e-07	0.99999777	7.4e-07	7.4e-07
0	HG01599	EAS	7.4e-07	0.99999777	7.4e-07	7.4e-07
0	HG01600	EAS	7.4e-07	0.99999777	7.4e-07	7.4e-07
0	HG01602	EUR	0.03394768	0.05562695	0.65366142	0.25676395
0	HG01603	EUR	0.02410027	0.06422167	0.45732645	0.45435161
0	HG01605	EUR	0.01491897	0.05936044	0.58221454	0.34350606
0	HG01606	EUR	0.00881993	0.05347118	0.67663749	0.2610714
0	HG01607	EUR	0.02065544	0.06494789	0.61059279	0.30380388
0	HG01608	EUR	0.01997687	0.06068823	0.67232695	0.24700796
0	HG01610	EUR	0.02328717	0.06166292	0.56676134	0.34828857
0	HG01612	EUR	0.0404684	0.0544132	0.53435588	0.37076251
0	HG01613	EUR	0.01412941	0.06684428	0.64191364	0.27711267
0	HG01615	EUR	0.01911055	0.0459469	0.64056158	0.29438097
0	HG01617	EUR	0.02140186	0.06781606	0.68140628	0.2293758
0	HG01618	EUR	0.02021348	0.06407598	0.68481076	0.23089978
0	HG01619	EUR	0.01612273	0.05085533	0.60934993	0.32367201
0	HG01620	EUR	0.02816946	0.04898225	0.68558526	0.23726303
0	HG01623	EUR	0.0316063	0.04930073	0.67326714	0.24582583
0	HG01624	EUR	0.02461238	0.06487243	0.59893449	0.3115807
0	HG01625	EUR	0.0138437	0.06152615	0.52668168	0.39794847
0	HG01626	EUR	0.03644926	0.06914386	0.72018138	0.1742255
0	HG01628	EUR	0.06884654	0.04688525	0.62032323	0.26394499
0	HG01630	EUR	0.05118253	0.05355004	0.68561364	0.20965378
0	HG01631	EUR	0.00968028	0.05674857	0.59546058	0.33811058
0	HG01632	EUR	0.02270327	0.04506113	0.61762133	0.31461427
0	HG01668	EUR	0.03564091	0.06056265	0.58514723	0.31864921
0	HG01669	EUR	0.04814261	0.05103962	0.56586877	0.33494899
0	HG01670	EUR	0.01924784	0.05402387	0.67896407	0.24776422
0	HG01672	EUR	0.02403665	0.05415502	0.59513768	0.32667065
0	HG01673	EUR	0.00957805	0.0519875	0.69269492	0.24573954
0	HG01675	EUR	0.01514723	0.06492775	0.67590849	0.24401654
0	HG01676	EUR	0.01359145	0.05018434	0.65258595	0.28363827
0	HG01678	EUR	0.0157345	0.06041064	0.64300784	0.28084702
0	HG01679	EUR	0.01803072	0.05548213	0.55408335	0.3724038
0	HG01680	EUR	0.02312721	0.05264981	0.60819437	0.31602862
0	HG01682	EUR	0.00841	0.05881555	0.50339078	0.42938366
0	HG01684	EUR	0.00837901	0.04889285	0.6576346	0.28509353
0	HG01685	EUR	0.03003244	0.05285885	0.71692936	0.20017935
0	HG01686	EUR	0.02348493	0.05474782	0.58520935	0.3365579
0	HG01694	EUR	0.06174987	0.0612989	0.58522982	0.29172141
0	HG01695	EUR	0.05065403	0.05455497	0.65659777	0.23819323
0	HG01697	EUR	0.03643575	0.05776224	0.64696509	0.25883692
0	HG01699	EUR	0.02796666	0.05497303	0.6538565	0.26320382
0	HG01700	EUR	0.00230345	0.05849376	0.60673959	0.3324632
0	HG01702	EUR	0.00482189	0.04603242	0.64822251	0.30092317
0	HG01704	EUR	0.035938	0.05683879	0.65243568	0.25478753
0	HG01705	EUR	0.03825543	0.0609914	0.57432033	0.32643284
0	HG01707	EUR	0.03156265	0.05972361	0.58147212	0.32724163
0	HG01708	EUR	0.03545471	0.0775893	0.61421449	0.27274151
0	HG01709	EUR	0.02394715	0.04309948	0.65638922	0.27656415
0	HG01710	EUR	0.03068433	0.04840379	0.60698213	0.31392975
0	HG01746	EUR	0.01743479	0.0574194	0.59356962	0.33157619
0	HG01747	EUR	0.01765017	0.05153734	0.65780863	0.27300386
0	HG01756	EUR	0.02669342	0.06710688	0.58465848	0.32154121
0	HG01757	EUR	0.03411326	0.06650555	0.66141932	0.23796187
0	HG01761	EUR	0.02281028	0.04894037	0.62402454	0.30422481
0	HG01762	EUR	0.01646182	0.05186744	0.52427084	0.4073999
0	HG01765	EUR	0.02749938	0.05842501	0.62434658	0.28972903
0	HG01766	EUR	0.03150605	0.0606987	0.65120427	0.25659099
0	HG01767	EUR	0.03116764	0.04499218	0.67946943	0.24437075
0	HG01768	EUR	0.03776499	0.05875898	0.57454253	0.32893349
0	HG01770	EUR	0.02079673	0.05266927	0.67760268	0.24893132
0	HG01771	EUR	0.01014768	0.05557972	0.67512789	0.25914472
0	HG01773	EUR	0.01985871	0.04646072	0.65847632	0.27520425
0	HG01775	EUR	0.01686588	0.04253167	0.67566271	0.26493975
0	HG01776	EUR	0.00927488	0.07037333	0.56352773	0.35682407
0	HG01777	EUR	0.01128284	0.05818132	0.65390562	0.27663022
0	HG01779	EUR	0.01506446	0.04756552	0.57003669	0.36733334
0	HG01781	EUR	0.01693943	0.05196834	0.59254598	0.33854624
0	HG01783	EUR	0.02719244	0.04374586	0.70452682	0.22453489
0	HG01784	EUR	0.02533972	0.05621113	0.64319796	0.27525119
0	HG01785	EUR	0.00682951	0.05245728	0.57952978	0.36118343
0	HG01786	EUR	0.00921558	0.05448439	0.61271105	0.32358898
0	HG01789	EUR	7.4e-07	0.06124285	0.40479917	0.53395724
0	HG01790	EUR	0.00058777	0.06205405	0.40798532	0.52937285
0	HG01791	EUR	0.00369994	0.05797307	0.36746592	0.57086107
0	HG01794	EAS	7.4e-07	0.99999777	7.4e-07	7.4e-07
0	HG01795	EAS	7.5e-07	0.99999776	7.4e-07	7.4e-07
0	HG01796	EAS	7.4e-07	0.99999777	7.4e-07	7.4e-07
0	HG01797	EAS	7.5e-07	0.99999776	7.5e-07	7.5e-07
0	HG01798	EAS	7.4e-07	0.99999777	7.4e-07	7.4e-07
0	HG01799	EAS	7.4e-07	0.99999776	7.5e-07	7.5e-07
0	HG01800	EAS	7.4e-07	0.99999777	7.4e-07	7.4e-07
0	HG01801	EAS	7.4e-07	0.99999776	7.5e-07	7.5e-07
0	HG01802	EAS	7.4e-07	0.99999777	7.4e-07	7.4e-07
0	HG01804	EAS	7.4e-07	0.99999777	7.4e-07	7.4e-07
0	HG01805	EAS	7.5e-07	0.99999776	7.5e-07	7.5e-07
0	HG01806	EAS	7.4e-07	0.99999777	7.4e-07	7.4e-07
0	HG01807	EAS	7.4e-07	0.99999777	7.4e-07	7.4e-07
0	HG01808	EAS	7.4e-07	0.99999777	7.4e-07	7.4e-07
0	HG01809	EAS	7.4e-07	0.99999777	7.4e-07	7.4e-07
0	HG01810	EAS	7.5e-07	0.99999776	7.5e-07	7.5e-07
0	HG01811	EAS	7.4e-07	0.99999777	7.4e-07	7.4e-07
0	HG01812	EAS	7.4e-07	0.99999777	7.4e-07	7.4e-07
0	HG01813	EAS	7.5e-07	0.99999776	7.5e-07	7.5e-07
0	HG01815	EAS	7.4e-07	0.99999777	7.4e-07	7.4e-07
0	HG01816	EAS	7.4e-07	0.99999777	7.4e-07	7.4e-07
0	HG01817	EAS	7.5e-07	0.99999776	7.4e-07	7.4e-07
0	HG01840	EAS	7.4e-07	0.99999777	7.4e-07	7.4e-07
0	HG01841	EAS	7.4e-07	0.99999777	7.4e-07	7.4e-07
0	HG01842	EAS	7.5e-07	0.99999776	7.5e-07	7.5e-07
0	HG01843	EAS	7.4e-07	0.99999777	7.4e-07	7.4e-07
0	HG01844	EAS	7.5e-07	0.99999776	7.5e-07	7.5e-07
0	HG01845	EAS	7.4e-07	0.99999777	7.4e-07	7.4e-07
0	HG01846	EAS	7.5e-07	0.99999776	7.4e-07	7.4e-07
0	HG01847	EAS	7.4e-07	0.99999777	7.4e-07	7.4e-07
0	HG01848	EAS	7.5e-07	0.99999776	7.5e-07	7.5e-07
0	HG01849	EAS	7.4e-07	0.99999777	7.4e-07	7.4e-07
0	HG01850	EAS	7.4e-07	0.99999777	7.4e-07	7.5e-07
0	HG01851	EAS	7.4e-07	0.99999777	7.4e-07	7.4e-07
0	HG01852	EAS	7.5e-07	0.99999776	7.5e-07	7.5e-07
0	HG01853	EAS	7.4e-07	0.99999777	7.4e-07	7.4e-07
0	HG01855	EAS	7.4e-07	0.99999777	7.4e-07	7.4e-07
0	HG01857	EAS	7.4e-07	0.99999777	7.4e-07	7.4e-07
0	HG01858	EAS	7.4e-07	0.99999777	7.4e-07	7.4e-07
0	HG01859	EAS	7.4e-07	0.99999777	7.4e-07	7.4e-07
0	HG01860	EAS	7.4e-07	0.99999777	7.4e-07	7.4e-07
0	HG01861	EAS	7.4e-07	0.99999777	7.4e-07	7.4e-07
0	HG01862	EAS	7.4e-07	0.99999777	7.4e-07	7.4e-07
0	HG01863	EAS	7.4e-07	0.99999777	7.4e-07	7.4e-07
0	HG01864	EAS	7.4e-07	0.99999777	7.4e-07	7.5e-07
0	HG01865	EAS	7.4e-07	0.99999777	7.4e-07	7.4e-07
0	HG01866	EAS	7.4e-07	0.99999777	7.4e-07	7.5e-07
0	HG01867	EAS	7.5e-07	0.99999776	7.5e-07	7.5e-07
0	HG01868	EAS	7.4e-07	0.99999777	7.4e-07	7.4e-07
0	HG01869	EAS	7.4e-07	0.99999777	7.4e-07	7.4e-07
0	HG01870	EAS	7.5e-07	0.99999776	7.4e-07	7.4e-07
0	HG01871	EAS	7.5e-07	0.99999776	7.5e-07	7.5e-07
0	HG01872	EAS	7.5e-07	0.99999777	7.4e-07	7.4e-07
0	HG01873	EAS	7.5e-07	0.99999777	7.4e-07	7.4e-07
0	HG01874	EAS	7.4e-07	0.99999777	7.4e-07	7.4e-07
0	HG01878	EAS	7.4e-07	0.99999777	7.5e-07	7.5e-07
0	HG01879	AFR	0.83737527	0.03136861	0.06684375	0.06441237
0	HG01880	AFR	0.57636185	0.2111774	0.07007572	0.14238503
0	HG01882	AFR	0.96396464	0.00777775	0.01137498	0.01688263
0	HG01883	AFR	0.85888023	0.02401991	0.05192644	0.06517342
0	HG01885	AFR	0.94848228	0.01168314	0.02189733	0.01793725
0	HG01886	AFR	0.88016513	0.0113778	0.06224109	0.04621598
0	HG01889	AFR	0.96593689	0.01531053	0.01060067	0.0081519
0	HG01890	AFR	0.87303484	0.01593021	0.05154794	0.05948702
0	HG01892	AMR	0.04947551	0.51664286	0.4338755	6.13e-06
0	HG01893	AMR	0.10814037	0.43146678	0.4601874	0.00020545
0	HG01894	AFR	0.92690454	0.01671216	0.02814234	0.02824095
0	HG01896	AFR	0.97209508	0.01553441	0.00654373	0.00582678
0	HG01912	AFR	0.9172601	0.00658408	0.03372095	0.04243488
0	HG01914	AFR	0.85261074	0.01869712	0.07288451	0.05580763
0	HG01915	AFR	0.9335659	0.01640919	0.02708119	0.02294372
0	HG01917	AMR	0.00018718	0.60538768	0.3944244	7.4e-07
0	HG01918	AMR	7.4e-07	0.5547089	0.44528961	7.4e-07
0	HG01920	AMR	7.4e-07	0.68756886	0.31242965	7.4e-07
0	HG01921	AMR	5.291e-05	0.58539736	0.41454899	7.4e-07
0	HG01923	AMR	7.4e-07	0.68453427	0.31546425	7.4e-07
0	HG01924	AMR	0.09360046	0.5671613	0.33923726	9.9e-07
0	HG01926	AMR	7.4e-07	0.72896307	0.27103545	7.4e-07
0	HG01927	AMR	7.4e-07	0.65796797	0.34203054	7.4e-07
0	HG01932	AMR	7.4e-07	0.57507212	0.4249264	7.4e-07
0	HG01933	AMR	0.07894136	0.52723376	0.3937916	3.328e-05
0	HG01935	AMR	0.00092	0.54912454	0.44995472	7.4e-07
0	HG01936	AMR	0.01534394	0.50135047	0.48323986	6.573e-05
0	HG01938	AMR	7.4e-07	0.73264397	0.26735454	7.4e-07
0	HG01939	AMR	0.00370793	0.57345132	0.42283992	8.3e-07
0	HG01941	AMR	0.04577512	0.60380523	0.3504189	7.4e-07
0	HG01942	AMR	2.691e-05	0.61939817	0.38057418	7.4e-07
0	HG01944	AMR	0.00217463	0.76776917	0.22984977	0.00020643
0	HG01945	AMR	0.00093436	0.57969482	0.41937008	7.4e-07
0	HG01947	AMR	0.02148776	0.45887261	0.51958394	5.569e-05
0	HG01948	AMR	0.15455167	0.54523698	0.30013741	7.394e-05
0	HG01950	AMR	0.04127639	0.63483591	0.32388695	7.4e-07
0	HG01951	AMR	0.00076214	0.70703859	0.29219852	7.4e-07
0	HG01953	AMR	0.00144369	0.64991186	0.34864371	7.4e-07
0	HG01954	AMR	7.4e-07	0.67390778	0.32609074	7.4e-07
0	HG01956	AFR	0.93431298	0.00771801	0.0304851	0.02748391
0	HG01958	AFR	0.86555148	0.02723857	0.0579389	0.04927104
0	HG01961	AMR	7.4e-07	0.71003717	0.28996135	7.4e-07
0	HG01965	AMR	0.06512686	0.46876936	0.4656691	0.00043469
0	HG01967	AMR	0.0018093	0.4797097	0.5183118	0.0001692
0	HG01968	AMR	7.4e-07	0.71284497	0.28715354	7.4e-07
0	HG01970	AMR	0.00169877	0.49807491	0.50021646	9.86e-06
0	HG01971	AMR	0.14274133	0.42840714	0.42864164	0.00020989
0	HG01973	AMR	0.01766308	0.60100652	0.38132965	7.4e-07
0	HG01974	AMR	7.4e-07	0.70656311	0.29343541	7.4e-07
0	HG01976	AMR	0.00331785	0.51427961	0.48239251	1.003e-05
0	HG01977	AMR	2.164e-05	0.58636674	0.41361088	7.4e-07
0	HG01979	AMR	0.0041768	0.52114405	0.47467389	5.26e-06
0	HG01980	AMR	0.01405069	0.54537175	0.44057682	7.4e-07
0	HG01982	AMR	0.0002055	0.58456249	0.41523127	7.4e-07
0	HG01985	AFR	0.91215366	0.01448742	0.02937387	0.04398505
0	HG01986	AFR	0.88567117	0.00921013	0.06632986	0.03878883
0	HG01988	AFR	0.56141287	0.02531881	0.16865	0.24461833
0	HG01989	AFR	0.85368685	0.01486114	0.07522671	0.0562253
0	HG01990	AFR	0.92226915	0.01871665	0.01623426	0.04277993
